Country,Total Cases,New Cases,TotalDeaths,NewDeaths,TotalRecovered,ActiveCases,Serious,Tot Cases/1M pop,Deaths/1M pop,Total Tests,Tests/1M pop,Population,Continent
USA,32476153,+51653,581573 ,+498,25043463,6851117,9815,97655,1749,430886619,1295672,332558517 ,North America
India,15314714,+256947,180550 ,+1757,13103220,2030944,8944,11011,130,267894549,192610,1390864355 ,Asia
Brazil,13977713,+34642,375049 ,+1607,12460712,1141952,8318,65387,1754,28600000,133789,213770046 ,South America
France,5296822,+7296,101222 ,+489,4151289,1044311,5970,81004,1548,72613536,1110478,65389433 ,Europe
Russia,4710690,+8589,105928 ,+346,4333598,271164,2300,32268,726,126000000,863104,145984714 ,Europe
UK,4390783,+2963,127274 ,+4,4156135,107374,332,64407,1867,143958619,2111700,68171922 ,Europe
Turkey,4323596,+55149,36267 ,+341,3736537,550792,3319,50827,426,44087628,518280,85065229 ,Asia
Italy,3878989,+8859,117243 ,+316,3268262,493484,3244,64232,1941,55241172,914735,60390385 ,Europe
Spain,3428354,+6898,77102 ,+40,3144353,206899,2276,73303,1649,44374223,948789,46769321 ,Europe
Germany,3164447,+13417,80774 ,+183,2787200,296473,4932,37672,962,52737238,627833,83998886 ,Europe
Argentina,2714475,+20461,59476 ,+248,2386383,268616,4304,59622,1306,10221233,224505,45527815 ,South America
Poland,2695325,+7281,62133 ,+101,2334978,298214,3346,71280,1643,13503602,357112,37813307 ,Europe
Colombia,2667136,+14189,68748 ,+420,2488246,110142,4299,51974,1340,13907796,271018,51316864 ,South America
Mexico,2305602,+1506,212339 ,+111,1829480,263783,4798,17733,1633,6407248,49280,130016760 ,North America
Iran,2261435,+24346,67130 ,+398,1797319,396986,4843,26651,791,14500500,170891,84852500 ,Asia
Ukraine,1953016,+6506,40000 ,+214,1487677,425339,177,44874,919,8958482,205836,43522336 ,Europe
Peru,1707787,+3030,57537 ,+307,1636286,13964,2574,51225,1726,10461475,313792,33338918 ,South America
Indonesia,1609300,+4952,43567 ,+143,1461414,104319,,5834,158,13891160,50360,275838089 ,Asia
Czechia,1602744,+832,28616 ,+71,1517380,56748,879,149441,2668,15718197,1465576,10724928 ,Europe
South Africa,1567513,+744,53757 ,+21,1490876,22880,546,26166,897,10355196,172856,59906596 ,Africa
Netherlands,1410950,+7117,16938 ,+22,1177664,216348,801,82198,987,11781337,686346,17165301 ,Europe
Canada,1131773,+10275,23667 ,+44,1019779,88327,1167,29778,623,30041115,790407,38007134 ,North America
Chile,1131340,+6622,25277 ,+100,1060826,45237,3364,58778,1313,12426663,645621,19247606 ,South America
Romania,1031072,+1768,26381 ,+149,944774,59917,1448,53886,1379,7914543,413629,19134403 ,Europe
Iraq,984950,+7775,15026 ,+45,864039,105885,493,24058,367,8847336,216098,40941346 ,Asia
Belgium,949996,+2996,23747 ,+29,804223,122026,924,81684,2042,11985089,1030526,11630075 ,Europe
Philippines,945727,+9610,16048 ,+88,788295,141384,750,8540,145,11197550,101109,110746960 ,Asia
Sweden,916830,+2715,13789 ,,740174,162867,391,90330,1359,8151774,803151,10149737 ,Europe
Israel,837218,+171,6341 ,+6,828686,2191,187,91026,689,13977443,1519685,9197590 ,Asia
Portugal,831221,+220,16946 ,+1,789216,25059,112,81710,1666,9784610,961840,10172808 ,Europe
Pakistan,761437,+5152,16316 ,+73,662845,82276,4515,3395,73,11204529,49951,224312593 ,Asia
Hungary,753188,+2680,25381 ,+197,458212,269595,1052,78126,2633,5144130,533588,9640633 ,Europe
Bangladesh,723221,+4271,10497 ,+112,621300,91424,,4357,63,5194219,31290,166002634 ,Asia
Jordan,689482,+3509,8308 ,+62,644486,36688,729,67043,808,6502520,632282,10284207 ,Asia
Serbia,664972,+2604,6026 ,+35,594605,64341,217,76354,692,3695993,424384,8709068 ,Europe
Switzerland,637304,+4905,10521 ,+13,570159,56624,232,73208,1209,6538153,751052,8705330 ,Europe
Austria,595540,+2117,9922 ,+24,557467,28151,570,65823,1097,29014550,3206881,9047592 ,Europe
Japan,534409,+4580,9641 ,+19,483052,41716,738,4236,76,10918947,86545,126165185 ,Asia
Lebanon,511398,+995,6959 ,+34,429598,74841,785,75196,1023,3834228,563786,6800861 ,Asia
Morocco,505949,+138,8952 ,+7,492100,4897,249,13579,240,6167072,165512,37260477 ,Africa
UAE,498957,+1803,1556 ,+2,481326,16075,,49966,156,41909042,4196792,9985970 ,Asia
Saudi Arabia,405940,+970,6834 ,+11,389598,9508,1087,11517,194,16231540,460510,35246885 ,Asia
Bulgaria,388815,+2434,15412 ,+217,310922,62481,780,56298,2232,2378019,344324,6906335 ,Europe
Malaysia,377132,+2078,1386 ,+8,355224,20522,228,11534,42,8665139,265009,32697551 ,Asia
Slovakia,376067,+93,11172 ,+66,255300,109595,430,68854,2045,2505182,458676,5461766 ,Europe
Panama,361044,+203,6189 ,+1,350835,4020,105,82637,1417,2303585,527256,4369010 ,North America
Ecuador,360563,+17,17703  ,,309541,33319,635,20192,991,1228745,68810,17857054 ,South America
Belarus,345110,+887,2433 ,+10,335485,7192,,36532,258,5676595,600900,9446826 ,Europe
Greece,316879,+1606,9540 ,+78,275553,31786,847,30522,919,7489656,721401,10382100 ,Europe
Croatia,308200,+410,6601 ,+39,287787,13812,199,75449,1616,1703343,416986,4084894 ,Europe
Azerbaijan,301661,+995,4169 ,+29,265539,31953,,29539,408,3114879,305011,10212350 ,Asia
Georgia,295936,+578,3949 ,+10,281574,10413,,74300,991,3885539,975528,3983013 ,Asia
Kazakhstan,289720,+2719,3406 ,+22,248096,38218,221,15284,180,9624583,507724,18956336 ,Asia
Bolivia,289066,+521,12648 ,+14,238195,38223,71,24497,1072,1047561,88774,11800288 ,South America
Tunisia,287061,+1571,9825 ,+42,236593,40643,482,24087,824,1233451,103498,11917582 ,Africa
Nepal,285900,+1227,3091 ,+8,275555,7254,,9674,105,2352502,79598,29554944 ,Asia
Palestine,282270,+1529,3047 ,+30,249382,29841,167,54326,586,1684585,324219,5195830 ,Asia
Dominican Republic,261531,+402,3422 ,+4,218988,39121,159,23917,313,1373143,125573,10934977 ,North America
Kuwait,258497,+1510,1456 ,+8,241696,15345,254,59823,337,2228166,515656,4321028 ,Asia
Paraguay,252443,+2278,5384 ,+71,207803,39256,510,35049,748,1026625,142535,7202601 ,South America
Moldova,246238,+341,5591 ,+20,232328,8319,260,61155,1389,938584,233106,4026427 ,Europe
Ireland,243911,+403,4836 ,,224995,14080,50,48959,971,4298712,862864,4981913 ,Europe
Ethiopia,243631,+1603,3392 ,+22,180645,59594,972,2078,29,2507403,21389,117229360 ,Africa
Denmark,243374,+741,2459 ,+4,231628,9287,36,41899,423,32315708,5563458,5808565 ,Europe
Lithuania,234245,+605,3776 ,+16,211503,18966,193,87026,1403,2613526,970975,2691652 ,Europe
Slovenia,232313,+236,4167 ,+8,216261,11885,157,111734,2004,1131746,544327,2079167 ,Europe
Costa Rica,230837,+536,3099 ,+8,197842,29896,263,44986,604,914427,178204,5131361 ,North America
Egypt,217186,+852,12778 ,+40,163812,40596,90,2091,123,2677262,25774,103873875 ,Africa
Guatemala,213049,+315,7241 ,+20,191492,14316,5,11719,398,1166672,64174,18179938 ,North America
Armenia,208818,+298,3895 ,+17,189017,15906,,70364,1312,937603,315937,2967689 ,Asia
Honduras,200935,+676,4957 ,+3,76339,119639,576,20033,494,560904,55920,10030403 ,North America
Qatar,197476,+896,386 ,+4,174698,22392,461,70331,137,1844598,656954,2807805 ,Asia
Bosnia and Herzegovina,191154,+387,7938 ,+68,148146,35070,,58557,2432,872381,267241,3264397 ,Europe
Venezuela,184595,+1405,1925 ,+20,166826,15844,289,6506,68,3359014,118395,28371170 ,South America
Oman,181430,+1399,1890 ,+12,161670,17870,265,34824,363,1550000,297509,5209934 ,Asia
Libya,172464,+584,2908 ,+12,157658,11898,,24829,419,932398,134236,6945974 ,Africa
Uruguay,167033,+2289,1971 ,+63,136304,28758,519,47951,566,1641855,471339,3483388 ,South America
Bahrain,165118,+1008,600 ,+6,153671,10847,95,94437,343,3918378,2241075,1748437 ,Asia
Nigeria,164303,+70,2061 ,,154384,7858,11,782,10,1870915,8900,210204747 ,Africa
Kenya,151894,+241,2501 ,+20,102278,47115,250,2776,46,1605847,29349,54714776 ,Africa
North Macedonia,147229,+135,4478 ,+35,123710,19041,124,70671,2149,692096,332211,2083305 ,Europe
Myanmar,142644,+16,3206 ,,131903,7535,,2608,59,2559883,46797,54702094 ,Asia
Albania,129694,+100,2347 ,+5,102171,25176,18,45107,816,605277,210511,2875272 ,Europe
Algeria,119805,+163,3160 ,+5,83514,33131,21,2693,71,230861,5190,44482821 ,Africa
Estonia,117781,+227,1100 ,+8,102226,14455,54,88741,829,1234091,929810,1327251 ,Europe
S. Korea,114646,+531,1801 ,+4,104474,8371,99,2235,35,8414821,164017,51304613 ,Asia
Latvia,111536,+202,2056 ,+3,102174,7306,86,59664,1100,2125172,1136825,1869392 ,Europe
Norway,108028,+518,709 ,+1,88952,18367,46,19803,130,5009274,918257,5455197 ,Europe
Sri Lanka,97105,+309,620 ,+2,93374,3111,,4520,29,2374627,110524,21485260 ,Asia
Montenegro,95695,+144,1438 ,+9,91119,3138,69,152349,2289,361946,576228,628130 ,Europe
Cuba,94571,+1060,531 ,+6,89073,4967,64,8354,47,3385469,299042,11321062 ,North America
Kyrgyzstan,92095,+212,1555 ,+6,87056,3484,25,13932,235,935444,141517,6610130 ,Asia
Ghana,91709,,771 ,,89604,1334,9,2903,24,1047048,33145,31589851 ,Africa
Zambia,90942,+24,1236 ,+1,88860,846,48,4839,66,1348181,71738,18793052 ,Africa
China,90510,+11,4636 ,,85559,315,6,63,3,160000000,111163,1439323776 ,Asia
Uzbekistan,86982,+302,638 ,,84307,2037,23,2569,19,1377915,40698,33856766 ,Asia
Finland,84287,+156,891 ,+4,46000,37396,34,15193,161,4266864,769133,5547630 ,Europe
Mozambique,69228,+25,800 ,+2,62315,6113,43,2167,25,504532,15791,31951225 ,Africa
El Salvador,67702,+145,2078 ,+3,63872,1752,62,10396,319,890065,136671,6512447 ,North America
Luxembourg,65144,+30,786 ,+1,61539,2819,30,102733,1240,2570604,4053883,634109 ,Europe
Cameroon,64809,,939 ,,57821,6049,385,2394,35,1257949,46467,27071599 ,Africa
Singapore,60851,+20,30 ,,60503,318,1,10336,5,9036706,1534976,5887197 ,Asia
Afghanistan,58038,+140,2555 ,+9,52244,3239,1124,1465,64,383857,9687,39626561 ,Asia
Cyprus,57081,+822,294 ,+3,39061,17726,68,47003,242,4398877,3622261,1214401 ,Asia
Namibia,46773,+118,604 ,,44760,1409,34,18146,234,372188,144392,2577618 ,Africa
Ivory Coast,45570,+10,274 ,,45161,135,,1694,10,573182,21309,26898002 ,Africa
Botswana,44702,+627,684 ,+13,39733,4285,1,18708,286,976728,408762,2389478 ,Africa
Jamaica,44136,+246,727 ,+4,19832,23577,34,14853,245,316167,106399,2971533 ,North America
Thailand,43742,+1390,104 ,+3,28787,14851,1,625,1,8124896,116169,69940535 ,Asia
Uganda,41396,+18,339 ,+1,40898,159,24,883,7,989628,21107,46887088 ,Africa
Senegal,39821,+39,1091 ,,38539,191,14,2329,64,465317,27220,17094772 ,Africa
Zimbabwe,37859,+108,1553 ,,35031,1275,12,2518,103,402475,26768,15035793 ,Africa
Malawi,33959,+18,1139 ,+1,31774,1046,15,1739,58,227636,11660,19523091 ,Africa
Madagascar,32798,+593,552 ,+10,26017,6229,294,1161,20,168260,5955,28257209 ,Africa
Sudan,32244,+61,2281 ,+8,26087,3876,,722,51,232965,5216,44664346 ,Africa
Malta,30026,+60,409 ,,29003,614,,67857,924,847581,1915494,442487 ,Europe
Australia,29543,+30,910 ,,26441,2192,,1148,35,16386103,636686,25736547 ,Australia/Oceania
DRC,29005,+49,745 ,,25841,2419,,316,8,145038,1581,91722743 ,Africa
Maldives,26505,+157,70 ,,23691,2744,68,48354,128,689746,1258337,548141 ,Asia
Angola,24518,+129,563 ,+2,22600,1355,20,728,17,445121,13217,33677562 ,Africa
Rwanda,23934,+46,326 ,+1,22408,1200,6,1812,25,1260524,95439,13207678 ,Africa
Mongolia,22884,+889,49 ,+5,12401,10434,88,6892,15,2566410,772911,3320445 ,Asia
Gabon,22032,+174,136 ,+3,18706,3190,34,9716,60,693064,305646,2267541 ,Africa
Guinea,21612,+73,138 ,,18973,2501,24,1611,10,420642,31354,13415948 ,Africa
Syria,21279,+137,1456 ,+10,14958,4865,,1193,82,103566,5806,17838986 ,Asia
Cabo Verde,20627,+161,193 ,+1,18191,2243,23,36780,344,142081,253346,560819 ,Africa
Mayotte,19757,,168 ,,2964,16625,6,71055,604,165683,595866,278054 ,Africa
French Polynesia,18708,+12,141 ,,4842,13725,1,66291,500,26355,93388,282210 ,Australia/Oceania
Réunion,18425,,135 ,,16794,1496,54,20462,150,100098,111167,900431 ,Africa
Eswatini,18417,,671 ,,17715,31,3,15744,574,178676,152744,1169777 ,Africa
French Guiana,18261,+180,96 ,+1,9995,8170,13,59904,315,203343,667050,304839 ,South America
Mauritania,18142,+13,454 ,+1,17499,189,14,3822,96,221971,46762,4746840 ,Africa
Somalia,13324,+245,678 ,+8,5518,7128,,820,42,106063,6529,16245562 ,Africa
Tajikistan,13308,,90 ,,13218,0,,1371,9,,,9708257 ,Asia
Burkina Faso,13148,+19,154 ,,12773,221,,616,7,177277,8300,21358829 ,Africa
Mali,13145,+75,441 ,+8,7493,5211,,635,21,247184,11933,20714145 ,Africa
Haiti,12918,,251 ,,11791,876,,1122,22,60085,5219,11513691 ,North America
Andorra,12805,,123 ,,12203,479,29,165516,1590,193595,2502391,77364 ,Europe
Guadeloupe,12717,,176 ,,2242,10299,13,31778,440,164128,410136,400179 ,North America
Belize,12558,+20,318 ,,12156,84,1,31131,788,111174,275601,403387 ,North America
Togo,12553,+20,120 ,+1,10230,2203,,1489,14,300872,35677,8433191 ,Africa
Curaçao,11903,+21,90 ,+1,9457,2356,22,72301,547,90143,547546,164631 ,North America
Guyana,11901,+38,271 ,,10246,1384,13,15072,343,108207,137041,789595 ,South America
Hong Kong,11696,+12,209 ,,11274,213,4,1550,28,11193673,1483451,7545696 ,Asia
Lesotho,10720,+11,316 ,+1,5868,4536,,4973,147,73762,34215,2155852 ,Africa
Djibouti,10510,+50,119 ,+3,9385,1006,,10515,119,144500,144575,999479 ,Africa
South Sudan,10475,+2,114 ,,10215,146,,927,10,143571,12707,11298696 ,Africa
Aruba,10345,+21,92 ,,9862,391,14,96565,859,141122,1317297,107130 ,North America
Congo,10084,,139 ,,8208,1737,,1792,25,92500,16441,5626162 ,Africa
Papua New Guinea,9952,+214,91 ,+2,846,9015,,1096,10,70260,7736,9082198 ,Australia/Oceania
Martinique,9890,,64 ,,98,9728,24,26371,171,140946,375825,375031 ,North America
Bahamas,9791,+55,194 ,,9059,538,3,24709,490,82548,208322,396252 ,North America
Suriname,9617,+36,188 ,+1,8862,567,15,16277,318,47424,80265,590841 ,South America
Trinidad and Tobago,8964,+24,154 ,+1,7976,834,8,6389,110,122300,87163,1403124 ,North America
Benin,7611,,95 ,,6728,788,35,615,8,575088,46469,12375703 ,Africa
Equatorial Guinea,7423,,106 ,,6885,432,11,5157,74,116266,80766,1439535 ,Africa
Cambodia,7013,+624,45 ,+2,2524,4444,,415,3,811284,47994,16903887 ,Asia
Nicaragua,6778,,180 ,,4225,2373,,1014,27,,,6687591 ,North America
Iceland,6329,+43,29 ,,6203,97,3,18451,85,572891,1670149,343018 ,Europe
Yemen,5858,+46,1132 ,+6,2261,2465,23,193,37,22934,756,30349225 ,Asia
CAR,5787,,75 ,,5112,600,2,1182,15,40907,8354,4896784 ,Africa
Gambia,5720,,170 ,,5190,360,3,2315,69,60815,24615,2470613 ,Africa
Niger,5137,+6,190 ,,4779,168,23,206,8,95658,3842,24900476 ,Africa
San Marino,5032,+2,88 ,+1,4748,196,5,148052,2589,58362,1717135,33988 ,Europe
Seychelles,4976,+54,25 ,,4501,450,,50347,253,21504,217575,98835 ,Africa
Chad,4708,+2,169 ,,4353,186,,280,10,110863,6599,16800273 ,Africa
Saint Lucia,4419,+18,69 ,+2,4260,90,3,23977,374,38805,210553,184300 ,North America
Gibraltar,4291,,94 ,,4181,16,1,127394,2791,225457,6693495,33683 ,Europe
Channel Islands,4053,,86 ,,3956,11,1,23141,491,399901,2283244,175146 ,Europe
Sierra Leone,4038,+10,79 ,,2851,1108,,498,10,119155,14699,8106291 ,Africa
Comoros,3819,,146 ,,3595,78,,4318,165,,,884361 ,Africa
Barbados,3784,+3,44 ,,3681,59,,13155,153,148929,517731,287657 ,North America
Guinea-Bissau,3712,,66 ,,3142,504,9,1851,33,61814,30830,2005027 ,Africa
Burundi,3612,+135,6 ,,773,2833,,297,0.5,90019,7396,12171968 ,Africa
Eritrea,3537,+46,10 ,,3334,193,,986,3,23693,6608,3585649 ,Africa
Liechtenstein,2823,+10,56 ,,2693,74,6,73870,1465,32252,843940,38216 ,Europe
Vietnam,2791,+7,35 ,,2475,281,,28,0.4,2598753,26507,98039824 ,Asia
New Zealand,2596,+1,26 ,,2468,102,,519,5,1974755,394785,5002100 ,Australia/Oceania
Monaco,2404,+5,31 ,,2304,69,5,60915,786,51953,1316432,39465 ,Europe
Turks and Caicos,2369,,17 ,,2291,61,2,60533,434,45274,1156838,39136 ,North America
Sao Tome and Principe,2275,,35 ,,2212,28,,10229,157,12597,56640,222405 ,Africa
Bermuda,2214,+91,20 ,+2,1290,904,41,35656,322,227728,3667531,62093 ,North America
Sint Maarten,2207,+2,27 ,,2159,21,1,51011,624,26322,608390,43265 ,North America
Liberia,2042,,85 ,,1899,58,2,396,16,79684,15466,5152314 ,Africa
St. Vincent Grenadines,1819,,10 ,,1677,132,2,16355,90,44072,396249,111223 ,North America
Saint Martin,1702,,12 ,,1399,291,7,43427,306,27588,703919,39192 ,North America
Isle of Man,1577,,29 ,,1538,10,,18467,340,44761,524170,85394 ,Europe
Caribbean Netherlands,1548,+1,15 ,,1456,77,,58596,568,10025,379476,26418 ,North America
Timor-Leste,1368,+62,2 ,,695,671,,1022,1,56465,42186,1338472 ,Asia
Antigua and Barbuda,1217,+1,31 ,,995,191,4,12346,314,16493,167309,98578 ,North America
Mauritius,1203,,15 ,,934,254,,945,12,358675,281653,1273462 ,Africa
Taiwan,1076,+3,11 ,,1034,31,,45,0.5,513203,21517,23851377 ,Asia
Bhutan,961,+4,1 ,,881,79,,1235,1,667795,857901,778406 ,Asia
St. Barth,934,,1 ,,462,471,,94334,101,26385,2664882,9901 ,North America
Diamond Princess,712,,13 ,,699,0,,,,,, ,
Faeroe Islands,662,,1 ,,660,1,,13507,20,249019,5080776,49012 ,Europe
Cayman Islands,525,,2 ,,499,24,,7914,30,86495,1303833,66339 ,North America
Tanzania,509,,21 ,,183,305,7,8,0.3,,,61085878 ,Africa
Wallis and Futuna,438,,5 ,,44,389,3,39531,451,11002,992960,11080 ,Australia/Oceania
Brunei ,221,,3 ,,206,12,,501,7,116596,264491,440832 ,Asia
British Virgin Islands,187,,1 ,,182,4,,6153,33,35791,1177645,30392 ,North America
Dominica,172,+2, ,,165,7,,2385,,14384,199420,72129 ,North America
Grenada,157,+2,1 ,,154,2,,1390,9,25623,226871,112941 ,North America
New Caledonia,124,+1, ,,58,66,,431,,29618,102949,287695 ,Australia/Oceania
Fiji,74,+2,2 ,,65,7,,82,2,42492,47127,901649 ,Australia/Oceania
Falkland Islands,62,, ,,55,7,,17416,,7191,2019944,3560 ,South America
Laos,58,, ,,49,9,,8,,148289,20148,7359914 ,Asia
Macao,49,, ,,48,1,,75,,4418,6731,656410 ,Asia
Saint Kitts and Nevis,44,, ,,44,0,,822,,12381,231421,53500 ,North America
Greenland,31,, ,,31,0,,545,,20669,363577,56849 ,North America
Anguilla,29,, ,,25,4,,1919,,17376,1149967,15110 ,North America
Vatican City,27,, ,,15,12,,33624,,,,803 ,Europe
Saint Pierre Miquelon,25,, ,,24,1,,4332,,5318,921504,5771 ,North America
Montserrat,20,,1 ,,19,0,,4005,200,1313,262915,4994 ,North America
Solomon Islands,20,, ,,18,2,,29,,4500,6426,700288 ,Australia/Oceania
Western Sahara,10,,1 ,,8,1,,16,2,,,609025 ,Africa
MS Zaandam,9,,2 ,,7,0,,,,,, ,
Marshall Islands,4,, ,,4,0,,67,,,,59510 ,Australia/Oceania
Samoa,3,, ,,2,1,,15,,,,199471 ,Australia/Oceania
Vanuatu,3,, ,,1,2,,10,,470,1502,312859 ,Australia/Oceania
Micronesia,1,, ,,1,0,,9,,,,115988 ,Australia/Oceania
