Country,Total Cases,New Cases,TotalDeaths,NewDeaths,TotalRecovered,ActiveCases,Serious,Tot Cases/1M pop,Deaths/1M pop,Total Tests,Tests/1M pop,Population,Continent
USA,32927091,+52046,587384 ,+885,25521913,6817794,9863,99000,1766,442210652,1329575,332595570 ,North America
India,17988637,+362902,201165 ,+3285,14807704,2979768,8944,12931,145,280979877,201981,1391123637 ,Asia
Brazil,14446541,+76085,395324 ,+3120,12992442,1058775,8318,67571,1849,43538104,203640,213798900 ,South America
France,5534313,+30317,103603 ,+333,4442319,988391,5943,84633,1584,75122498,1148799,65392188 ,Europe
Russia,4779425,+8053,108980 ,+392,4402678,267767,2300,32739,747,128200000,878167,145985907 ,Europe
Turkey,4710582,+43301,39057 ,+346,4167263,504262,3549,55365,459,46435343,545768,85082577 ,Asia
UK,4409631,+2685,127451 ,+17,4202311,79869,227,64678,1869,151605651,2223650,68178729 ,Europe
Italy,3981512,+10404,119912 ,+373,3413451,448149,2748,65931,1986,57574570,953400,60388692 ,Europe
Spain,3496134,+7665,77855 ,+117,3186967,231312,2331,74752,1665,46199597,987811,46769666 ,Europe
Germany,3326778,+19009,82698 ,+354,2931400,312680,5049,39603,984,54061332,643557,84003996 ,Europe
Argentina,2905172,+25495,62599 ,+512,2563223,279350,5134,63800,1375,10887878,239106,45535740 ,South America
Colombia,2804881,+17578,72235 ,+436,2616821,115825,6006,54647,1407,14541843,283316,51327231 ,South America
Poland,2768034,+5709,65897 ,+460,2467036,235101,3041,73204,1743,14057613,371771,37812517 ,Europe
Iran,2438193,+20963,70532 ,+462,1907190,460471,5287,28728,831,15435147,181862,84873060 ,Asia
Mexico,2329534,+1143,215113 ,+166,1853789,260632,4798,17914,1654,6544421,50325,130042652 ,North America
Ukraine,2038248,+7915,42950 ,+432,1596829,398469,177,46838,987,9292051,213525,43517337 ,Europe
Peru,1775062,+6876,60416 ,+403,1688091,26555,2642,53229,1812,10964758,328801,33347705 ,South America
Indonesia,1651794,+4656,44939 ,+168,1506599,100256,,5987,163,14414113,52245,275893373 ,Asia
Czechia,1622804,+2575,29119 ,+47,1542058,51627,685,151306,2715,17388713,1621279,10725307 ,Europe
South Africa,1577200,+880,54237 ,+51,1502986,19977,546,26321,905,10567593,176359,59920897 ,Africa
Netherlands,1472674,+5337,17093 ,+31,1235375,220206,814,85790,996,12274847,715066,17166024 ,Europe
Canada,1194989,+7071,24065 ,+41,1086611,84313,1355,31436,633,31064387,817194,38013456 ,North America
Chile,1179772,+4158,26020 ,+45,1113463,40289,3406,61284,1352,12884978,669324,19250741 ,South America
Romania,1049539,+2019,27683 ,+172,979445,42411,1336,54858,1447,8154764,426238,19131962 ,Europe
Iraq,1045010,+7152,15348 ,+45,920523,109139,539,25514,375,9198959,224591,40958650 ,Asia
Philippines,1013618,+7204,16916 ,+63,925027,71675,750,9150,153,11584435,104576,110774857 ,Asia
Belgium,976088,+1670,24065 ,+41,842039,109984,886,83921,2069,12312900,1058624,11631038 ,Europe
Sweden,953254,,13968 ,+32,779504,159782,392,93908,1376,8482276,835615,10150939 ,Europe
Israel,838217,+110,6359 ,+6,830205,1653,138,91134,691,14129277,1536193,9197590 ,Asia
Portugal,834991,+353,16970 ,+5,794205,23816,86,82085,1668,10348599,1017337,10172241 ,Europe
Pakistan,804939,+4487,17329 ,+142,699816,87794,5075,3587,77,11632913,51841,224394761 ,Asia
Hungary,772707,+1253,26984 ,+183,491620,254103,753,80155,2799,5308624,550678,9640166 ,Europe
Bangladesh,751659,+3031,11228 ,+78,666927,73504,,4527,68,5395524,32497,166033991 ,Asia
Jordan,706355,+1815,8707 ,+47,675212,22436,729,68671,846,6649640,646466,10286143 ,Asia
Serbia,683799,+2145,6286 ,+29,626756,50757,171,78522,722,3800708,436442,8708398 ,Europe
Switzerland,653957,+2135,10587 ,+3,581714,61656,237,75111,1216,6818583,783157,8706538 ,Europe
Austria,612170,+1625,10126 ,+28,577977,24067,520,67654,1119,31263052,3455026,9048573 ,Europe
Japan,571040,+3319,10004 ,+32,508388,52648,916,4526,79,11550594,91557,126157812 ,Asia
Lebanon,522763,+1182,7197 ,+26,453865,61701,665,76874,1058,3953121,581317,6800279 ,Asia
UAE,514591,+2094,1578 ,+5,495589,17424,,51520,158,43461963,4351307,9988255 ,Asia
Morocco,509972,+507,9005 ,+6,496031,4936,201,13684,242,6234597,167287,37268842 ,Africa
Saudi Arabia,414219,+1045,6922 ,+9,397587,9710,1277,11748,196,16708703,473908,35257261 ,Asia
Bulgaria,401109,+1850,16182 ,+81,332418,52509,714,58087,2343,2479203,359027,6905341 ,Europe
Malaysia,398451,+2733,1462 ,+13,371575,25414,294,12183,45,9182353,280759,32705482 ,Asia
Slovakia,380498,+488,11572 ,+41,360507,8419,332,69665,2119,2597742,475619,5461816 ,Europe
Ecuador,375329,+554,18389 ,+89,318598,38342,614,21012,1029,1265839,70867,17862181 ,South America
Panama,363533,+368,6216 ,+4,353503,3814,105,83182,1422,2366942,541596,4370310 ,North America
Belarus,354669,+823,2512 ,+10,344950,7207,,37544,266,5797755,613729,9446767 ,Europe
Greece,337723,+3287,10179 ,+92,291153,36391,813,32532,981,7947301,765553,10381131 ,Europe
Croatia,324833,+1797,6957 ,+52,304546,13330,261,79530,1703,1772515,433971,4084413 ,Europe
Azerbaijan,315119,+1307,4429 ,+27,282786,27904,,30851,434,3206917,313970,10214096 ,Asia
Kazakhstan,311400,+2284,3599 ,+29,265940,41861,221,16424,190,9986401,526691,18960630 ,Asia
Nepal,307925,+4364,3194 ,+18,278506,26225,,10415,108,2432089,82262,29564980 ,Asia
Georgia,305850,+1578,4060 ,+17,287938,13852,,76791,1019,4097911,1028885,3982867 ,Asia
Tunisia,303584,+1957,10444 ,+92,253058,40082,527,25469,876,1292538,108435,11919946 ,Africa
Bolivia,298778,+1119,12861 ,+37,246673,39244,71,25313,1090,1121454,95012,11803334 ,South America
Palestine,293466,+1414,3201 ,+17,267346,22919,140,56456,616,1728362,332499,5198104 ,Asia
Paraguay,271814,+2461,6094 ,+92,223606,42114,563,37730,846,1078036,149638,7204277 ,South America
Kuwait,269681,+1446,1535 ,+8,252888,15258,216,62394,355,2297745,531610,4322236 ,Asia
Dominican Republic,265481,+78,3462 ,+3,222466,39553,185,24274,317,1397223,127751,10937056 ,North America
Ethiopia,254044,+924,3605 ,+35,195547,54892,985,2166,31,2561247,21838,117283988 ,Africa
Moldova,249714,+329,5762 ,+17,238423,5529,225,62021,1431,975620,242315,4026249 ,Europe
Denmark,248950,+624,2479 ,+2,236925,9546,36,42856,427,36241371,6238880,5808955 ,Europe
Ireland,247489,+420,4884 ,+10,229667,12938,47,49667,980,4416913,886402,4982967 ,Europe
Costa Rica,243167,+1927,3186 ,+18,201784,38197,340,47380,621,953061,185700,5132250 ,North America
Lithuania,242926,+1031,3877 ,+13,219678,19371,217,90276,1441,2740888,1018565,2690931 ,Europe
Slovenia,238023,+807,4221 ,+7,223686,10116,161,114480,2030,1164206,559937,2079173 ,Europe
Egypt,224517,+1003,13168 ,+61,168665,42684,90,2161,127,2677262,25765,103910846 ,Africa
Guatemala,223025,+1086,7453 ,+25,199005,16567,5,12263,410,1232471,67769,18186285 ,North America
Armenia,214064,+595,4058 ,+18,195701,14305,,72129,1367,969969,326832,2967794 ,Asia
Honduras,207320,+413,5193 ,+52,77814,124313,596,20663,518,608949,60692,10033418 ,North America
Qatar,203599,+695,441 ,+4,184712,18446,384,72512,157,1889194,672837,2807805 ,Asia
Bosnia and Herzegovina,196732,+761,8418 ,+68,157095,31219,,60273,2579,897655,275016,3264008 ,Europe
Venezuela,193721,+1223,2082 ,+17,176058,15581,322,6828,73,3359014,118402,28369636 ,South America
Oman,191398,+1128,1992 ,+9,170929,18477,283,36720,382,1550000,297366,5212425 ,Asia
Uruguay,190096,+2747,2452 ,+61,160632,27012,534,54569,704,1759810,505167,3483618 ,South America
Libya,176254,+501,3010 ,+5,161676,11568,,25368,433,951588,136963,6947762 ,Africa
Bahrain,173548,+972,626 ,+1,162537,10385,101,99194,358,4044433,2311666,1749575 ,Asia
Nigeria,164912,+156,2063 ,+1,155012,7837,11,784,10,1912628,9095,210302759 ,Africa
Kenya,157492,+511,2665 ,+22,106836,47991,205,2877,49,1651008,30162,54737482 ,Africa
North Macedonia,151122,+450,4742 ,+28,130910,15470,124,72540,2276,713139,342312,2083304 ,Europe
Myanmar,142740,+18,3207 ,,131945,7588,,2609,59,2568811,46954,54709058 ,Asia
Albania,130736,+130,2383 ,+4,107163,21190,18,45470,829,626544,217912,2875212 ,Europe
Algeria,121344,+232,3225 ,+8,84598,33521,20,2727,72,230861,5188,44497985 ,Africa
Estonia,120836,+459,1148 ,+3,108968,10720,59,91041,865,1269907,956783,1327268 ,Europe
S. Korea,119898,+511,1820 ,+3,109695,8383,156,2337,35,8721609,169994,51305454 ,Asia
Latvia,116132,+596,2110 ,+4,105828,8194,84,62136,1129,2239254,1198105,1868996 ,Europe
Norway,111686,+524,736 ,,88952,21998,40,20470,135,5129127,940088,5456007 ,Europe
Cuba,103524,+1083,604 ,+7,97462,5458,80,9144,53,3564773,314883,11320930 ,North America
Sri Lanka,103487,+1111,655 ,+8,94856,7976,,4816,30,2538334,118134,21486973 ,Asia
Montenegro,96930,+151,1478 ,+5,92975,2477,69,154315,2353,371662,591695,628131 ,Europe
Kyrgyzstan,94277,+247,1589 ,+5,88415,4273,25,14258,240,972359,147055,6612191 ,Asia
Ghana,92464,+118,779 ,+2,90103,1582,8,2926,25,1073220,33960,31602281 ,Africa
Zambia,91418,+40,1249 ,+1,89717,452,39,4862,66,1384621,73639,18802937 ,Africa
China,90610,+11,4636 ,,85658,316,4,63,3,160000000,111163,1439323776 ,Asia
Uzbekistan,89630,+275,646  ,+1,86180,2804,23,2647,19,1377915,40687,33866047 ,Asia
Finland,86161,+224,908 ,+2,46000,39253,32,15531,164,4419765,796671,5547794 ,Europe
Mozambique,69762,+47,814 ,+5,64448,4500,43,2182,25,513864,16074,31968038 ,Africa
El Salvador,68922,+151,2111 ,+5,64667,2144,33,10582,324,909746,139680,6513071 ,North America
Luxembourg,66594,+220,791 ,,62989,2814,30,104988,1247,2634440,4153277,634304 ,Europe
Cameroon,65998,,991 ,,57821,7186,385,2437,37,1257949,46446,27084275 ,Africa
Cyprus,63720,+760,303 ,+2,39061,24356,73,52463,249,4773034,3929820,1214568 ,Asia
Singapore,61063,+12,30 ,,60704,329,,10371,5,9536636,1619652,5888076 ,Asia
Thailand,59687,+2179,163 ,+15,33551,25973,1,853,2,8124896,116163,69943875 ,Asia
Afghanistan,59370,+145,2611 ,+13,52794,3965,1124,1498,66,398533,10053,39643369 ,Asia
Namibia,48011,+70,634 ,+6,45740,1637,44,18620,246,382807,148461,2578500 ,Africa
Botswana,46600,+745,702 ,+11,44740,1158,1,19495,294,992876,415362,2390388 ,Africa
Ivory Coast,45885,+22,285 ,+2,45451,149,,1705,11,573182,21300,26910533 ,Africa
Jamaica,45212,+67,767 ,+6,20729,23716,27,15214,258,327182,110096,2971779 ,North America
Uganda,41737,+22,341 ,,40898,498,24,890,7,1010071,21530,46914849 ,Africa
Senegal,40193,+27,1106 ,+2,38953,134,9,2350,65,475658,27811,17103240 ,Africa
Zimbabwe,38164,+62,1565 ,+5,35480,1119,12,2538,104,409534,27230,15039933 ,Africa
Madagascar,36190,+145,614 ,+9,29370,6206,409,1280,22,178524,6315,28270869 ,Africa
Malawi,34031,+10,1147 ,,31953,931,6,1742,59,231134,11833,19532576 ,Africa
Sudan,33104,+242,2349 ,+9,26795,3960,,741,53,232965,5214,44683979 ,Africa
Mongolia,32437,+1098,88 ,+8,17543,14806,64,9766,26,2662875,801719,3321455 ,Asia
Malta,30234,+45,413 ,,29421,400,,68324,933,861791,1947511,442509 ,Europe
Australia,29725,+30,910 ,,28558,257,1,1155,35,16686634,648221,25742204 ,Australia/Oceania
DRC,29701,+90,760 ,+4,26156,2785,,324,8,148038,1613,91775054 ,Africa
Maldives,28588,+386,71 ,,24499,4018,90,52137,129,715464,1304820,548324 ,Asia
Angola,25942,+232,587 ,+4,23341,2014,24,770,17,459866,13647,33697207 ,Africa
Rwanda,24814,+137,331 ,+1,23089,1394,4,1878,25,1299466,98341,13213838 ,Africa
Cabo Verde,22772,+186,211 ,+3,19715,2846,23,40597,376,144736,258027,560934 ,Africa
Gabon,22568,,138 ,,19173,3257,19,9948,61,716093,315661,2268548 ,Africa
Syria,22389,+124,1559 ,+11,16283,4547,,1254,87,103566,5803,17847141 ,Asia
Guinea,22046,+61,141 ,,19466,2439,24,1642,11,428261,31906,13422785 ,Africa
Réunion,20381,+1038,148 ,+7,18659,1574,36,22632,164,101244,112424,900553 ,Africa
Mayotte,19849,,169 ,,2964,16716,5,71353,608,165683,595596,278180 ,Africa
French Guiana,19099,+95,100 ,,9995,9004,21,62622,328,211934,694895,304987 ,South America
French Polynesia,18744,+5,141 ,,4842,13761,3,66411,500,26355,93378,282241 ,Australia/Oceania
Eswatini,18448,+5,671 ,,17741,36,3,15767,574,184199,157434,1170007 ,Africa
Mauritania,18314,+32,455 ,,17620,239,14,3856,96,230656,48567,4749185 ,Africa
Somalia,13915,+103,713 ,+11,5847,7355,,856,44,111801,6878,16254075 ,Africa
Mali,13722,+64,476 ,+2,8313,4933,,662,23,251393,12130,20725347 ,Africa
Guadeloupe,13669,,185 ,,2242,11242,23,34157,462,171662,428962,400180 ,North America
Tajikistan,13308,,90 ,,13218,0,,1370,9,,,9712364 ,Asia
Burkina Faso,13263,,156 ,,12937,170,,621,7,178827,8368,21369832 ,Africa
Andorra,13121,+38,124 ,,12561,436,24,169594,1603,193595,2502294,77367 ,Europe
Haiti,13017,+18,254 ,+1,12143,620,,1130,22,60085,5217,11516349 ,North America
Togo,12884,+57,122 ,,10927,1835,,1527,14,308112,36520,8436912 ,Africa
Guyana,12826,+72,291 ,+4,10944,1591,14,16242,369,118452,150002,789668 ,South America
Belize,12631,+7,322 ,,12193,116,1,31302,798,115621,286527,403525 ,North America
Curaçao,12146,+17,107 ,+2,11339,700,22,73771,650,93074,565305,164644 ,North America
Hong Kong,11749,+8,209 ,,11379,161,3,1557,28,11193673,1483223,7546858 ,Asia
Martinique,11253,+642,75 ,+7,98,11080,33,30006,200,157145,419024,375026 ,North America
Cambodia,11063,+508,82 ,+3,3704,7277,,654,5,878976,51985,16908313 ,Asia
Djibouti,10931,+46,142 ,+4,10510,279,,10934,142,148125,148161,999754 ,Africa
Papua New Guinea,10835,,105 ,,8561,2169,,1193,12,86619,9534,9085444 ,Australia/Oceania
Lesotho,10728,,316 ,,6267,4145,,4975,147,77329,35864,2156176 ,Africa
Congo,10678,,144 ,,8208,2326,,1897,26,92500,16433,5628768 ,Africa
Aruba,10570,+15,98 ,,10245,227,14,98658,915,146351,1366005,107138 ,North America
South Sudan,10553,+15,114 ,,10312,127,,934,10,149288,13210,11301205 ,Africa
Bahamas,10220,,198 ,,9326,696,4,25787,500,85347,215347,396324 ,North America
Suriname,10157,+76,201 ,,9193,763,12,17188,340,49742,84174,590941 ,South America
Trinidad and Tobago,9947,+151,161 ,+2,8281,1505,8,7089,115,128988,91924,1403210 ,North America
Benin,7720,,97 ,,7510,113,35,623,8,581843,46992,12381797 ,Africa
Equatorial Guinea,7559,,107 ,,7097,355,5,5248,74,120652,83762,1440421 ,Africa
Nicaragua,6898,+63,182 ,+1,4225,2491,,1031,27,,,6689098 ,North America
Iceland,6447,+18,29 ,,6240,178,4,18793,85,593603,1730318,343060 ,Europe
CAR,6359,+135,87 ,+2,5112,1160,2,1298,18,40907,8351,4898392 ,Africa
Yemen,6220,+37,1207 ,+2,2674,2339,23,205,40,22934,755,30361818 ,Asia
Gambia,5882,+25,174 ,+1,5309,399,3,2380,70,65189,26372,2471916 ,Africa
Seychelles,5354,,26 ,,4675,653,,54165,263,21504,217548,98847 ,Africa
Niger,5220,+16,191 ,,4843,186,18,209,8,98000,3933,24917337 ,Africa
San Marino,5058,+3,90 ,,4880,88,6,148808,2648,60063,1767079,33990 ,Europe
Chad,4779,+7,170 ,+1,4406,203,,284,10,113036,6725,16809324 ,Africa
Saint Lucia,4508,+6,74 ,+1,4344,90,,24458,401,39741,215613,184316 ,North America
Gibraltar,4283,,94 ,,4183,6,1,127156,2791,231831,6882730,33683 ,Europe
Channel Islands,4111,,86 ,,3956,69,1,23468,491,454413,2594022,175177 ,Europe
Sierra Leone,4046,,79 ,,3045,922,,499,10,119155,14693,8109399 ,Africa
Burundi,3884,+10,6 ,,773,3105,,319,0.5,90019,7391,12178771 ,Africa
Comoros,3829,,146 ,,3650,33,,4328,165,,,884716 ,Africa
Barbados,3828,+3,44 ,,3746,38,,13307,153,152099,528738,287664 ,North America
Guinea-Bissau,3731,+5,67 ,,3267,397,9,1860,33,63001,31408,2005920 ,Africa
Eritrea,3640,,10 ,,3455,175,,1015,3,23693,6606,3586587 ,Africa
Liechtenstein,2903,+18,57 ,,2766,80,7,75959,1491,32252,843896,38218 ,Europe
Vietnam,2857,+5,35 ,,2516,306,,29,0.4,2598753,26503,98056557 ,Asia
New Zealand,2609,+8,26 ,,2547,36,,522,5,2004818,400795,5002100 ,Australia/Oceania
Monaco,2442,+3,32 ,,2338,72,2,61870,811,51953,1316266,39470 ,Europe
Turks and Caicos,2379,+3,17 ,,2328,34,2,60772,434,52488,1340827,39146 ,North America
Bermuda,2362,+5,24 ,,1737,601,28,38042,387,236274,3805408,62089 ,North America
Sao Tome and Principe,2299,,35 ,,2239,25,,10333,157,12999,58427,222483 ,Africa
Sint Maarten,2220,,27 ,,2181,12,1,51300,624,26322,608250,43275 ,North America
Liberia,2098,,85 ,,1942,71,2,407,16,94574,18348,5154594 ,Africa
Timor-Leste,2048,+99,3 ,,972,1073,,1530,2,61902,46232,1338954 ,Asia
St. Vincent Grenadines,1844,+5,11 ,+1,1711,122,2,16578,99,44894,403618,111229 ,North America
Saint Martin,1720,,12 ,,1399,309,7,43872,306,27588,703686,39205 ,North America
Isle of Man,1587,,29 ,,1545,13,1,18583,340,44761,524121,85402 ,Europe
Caribbean Netherlands,1556,+2,15 ,,1465,76,,58888,568,10025,379404,26423 ,North America
Antigua and Barbuda,1232,+5,32 ,,1014,186,1,12496,325,16700,169382,98594 ,North America
Mauritius,1206,,17 ,,1055,134,,947,13,358675,281645,1273502 ,Africa
Taiwan,1110,+6,12 ,,1050,48,,47,0.5,539626,22624,23852199 ,Asia
Bhutan,1053,+27,1 ,,951,101,,1352,1,696354,894404,778568 ,Asia
St. Barth,958,,1 ,,462,495,,96748,101,26385,2664613,9902 ,North America
Diamond Princess,712,,13 ,,699,0,,,,,, ,
Faeroe Islands,663,,1 ,,661,1,,13526,20,251252,5126023,49015 ,Europe
Cayman Islands,541,,2 ,,521,18,,8153,30,88876,1339422,66354 ,North America
Laos,511,+75, ,,49,462,,69,,160518,21804,7361934 ,Asia
Tanzania,509,,21 ,,183,305,7,8,0.3,,,61118549 ,Africa
Wallis and Futuna,443,+1,5 ,,44,394,3,39996,451,15256,1377393,11076 ,Australia/Oceania
Brunei ,223,,3 ,,212,8,,506,7,119923,271989,440912 ,Asia
British Virgin Islands,194,,1 ,,183,10,,6382,33,37158,1222463,30396 ,North America
Dominica,173,, ,,171,2,,2398,,14532,201461,72133 ,North America
Grenada,159,,1 ,,155,3,,1408,9,26331,233119,112951 ,North America
New Caledonia,124,, ,,58,66,,431,,30081,104539,287748 ,Australia/Oceania
Fiji,109,+6,2 ,,65,42,,121,2,48167,53414,901774 ,Australia/Oceania
Anguilla,84,+4, ,,29,55,,5558,,20067,1327797,15113 ,North America
Falkland Islands,63,, ,,62,1,,17687,,7202,2021898,3562 ,South America
Macao,49,, ,,49,0,,75,,4483,6828,656579 ,Asia
Saint Kitts and Nevis,44,, ,,44,0,,822,,12381,231386,53508 ,North America
Greenland,31,, ,,31,0,,545,,20669,363564,56851 ,North America
Vatican City,27,, ,,15,12,,33624,,,,803 ,Europe
Saint Pierre Miquelon,25,, ,,24,1,,4332,,5318,921504,5771 ,North America
Montserrat,20,,1 ,,19,0,,4005,200,1313,262915,4994 ,North America
Solomon Islands,20,, ,,19,1,,29,,4500,6423,700611 ,Australia/Oceania
Western Sahara,10,,1 ,,8,1,,16,2,,,609307 ,Africa
MS Zaandam,9,,2 ,,7,0,,,,,, ,
Vanuatu,4,,1 ,,3,0,,13,3,470,1502,312997 ,Australia/Oceania
Marshall Islands,4,, ,,4,0,,67,,,,59518 ,Australia/Oceania
Samoa,3,, ,,2,1,,15,,,,199496 ,Australia/Oceania
Saint Helena,2,, ,,2,0,,328,,,,6092 ,Africa
Micronesia,1,, ,,1,0,,9,,,,116011 ,Australia/Oceania
