Country,Total Cases,New Cases,TotalDeaths,NewDeaths,TotalRecovered,ActiveCases,Serious,Tot Cases/1M pop,Deaths/1M pop,Total Tests,Tests/1M pop,Population,Continent
USA,33103975,+59907,590043 ,+784,25710142,6803790,9612,99526,1774,446627197,1342768,332616743 ,North America
India,19157094,+402110,211835 ,+3522,15673003,3272256,8944,13769,152,286392086,205849,1391271798 ,Asia
Brazil,14665962,+73076,404287 ,+2870,13194538,1067137,8318,68592,1891,43818216,204935,213815388 ,South America
France,5616689,+24299,104514 ,+276,4540185,971990,5675,85890,1598,75976229,1161827,65393762 ,Europe
Turkey,4820591,+31891,40131 ,+394,4323897,456563,3534,56651,472,47261999,555419,85092490 ,Asia
Russia,4805288,+8731,110128 ,+397,4427946,267214,2300,32916,754,129100000,884328,145986588 ,Europe
UK,4416623,+2381,127517 ,+15,4214791,74315,196,64776,1870,156302824,2292415,68182618 ,Europe
Italy,4022652,+13445,120807 ,+263,3465676,436169,2583,66614,2001,58579752,970061,60387724 ,Europe
Spain,3524077,+9135,78216 ,+136,3206273,239588,2308,75349,1672,46199597,987807,46769864 ,Europe
Germany,3392232,+12845,83542 ,+204,2995200,313490,5049,40380,994,55490413,660546,84006917 ,Europe
Argentina,2977363,+22420,63865 ,+357,2634306,279192,5369,65379,1402,11148350,244802,45540268 ,South America
Colombia,2859724,+17790,73720 ,+490,2669308,116696,6006,55709,1436,14802786,288367,51333154 ,South America
Poland,2792148,+6802,67501 ,+428,2496810,227837,2831,73843,1785,14321250,378748,37812066 ,Europe
Iran,2499077,+19272,71758 ,+407,1954321,472998,5398,29441,845,15830271,186491,84884809 ,Asia
Mexico,2340934,+3990,216447 ,+529,1861861,262626,4798,17999,1664,6612450,50843,130057448 ,North America
Ukraine,2069537,+10072,44085 ,+307,1655525,369927,177,47560,1013,9418779,216452,43514481 ,Europe
Peru,1799445,+7447,61477 ,+376,1688091,49877,2652,53952,1843,11169530,334891,33352726 ,South America
Indonesia,1668368,+5500,45521 ,+187,1522634,100213,,6046,165,14640442,53060,275924964 ,Asia
Czechia,1630776,+2229,29301 ,+38,1555008,46467,553,152046,2732,18138011,1691107,10725523 ,Europe
South Africa,1581210,+1674,54350 ,+19,1505620,21240,546,26385,907,10654870,177791,59929069 ,Africa
Netherlands,1496352,+7758,17148 ,+22,1255490,223714,811,87167,999,12274847,715049,17166437 ,Europe
Canada,1219425,+8342,24219 ,+50,1111887,83319,1422,32076,637,31479292,828030,38017069 ,North America
Chile,1198245,+7254,26353 ,+106,1129347,42545,3345,62238,1369,13051622,677917,19252532 ,South America
Iraq,1065199,+6405,15465 ,+32,942046,107688,562,26000,377,9338101,227933,40968539 ,Asia
Romania,1055265,+1636,28109 ,+138,989393,37763,1284,55161,1469,8257487,431638,19130567 ,Europe
Philippines,1037427,+8715,17234 ,+89,946242,73951,750,9364,156,11805080,106553,110790799 ,Asia
Belgium,986622,+3663,24185 ,+45,848796,113641,886,84823,2079,12475193,1072527,11631588 ,Europe
Sweden,973604,,14048 ,+33,799710,159846,392,95906,1384,8482276,835558,10151626 ,Europe
Israel,838481,+74,6363 ,+1,830625,1493,110,91163,692,14200104,1543894,9197590 ,Asia
Portugal,836493,+460,16974 ,,795838,23681,89,82236,1669,10515374,1033765,10171918 ,Europe
Pakistan,820823,+5112,17811 ,+131,711465,91547,5360,3657,79,11788126,52522,224441715 ,Asia
Hungary,779348,+2365,27540 ,+182,510379,241429,677,80846,2857,5373540,557427,9639899 ,Europe
Bangladesh,759132,+2177,11450 ,+57,681426,66256,,4572,69,5469704,32940,166051909 ,Asia
Jordan,711373,+1556,8836 ,+35,682503,20034,729,69151,859,6704884,651766,10287249 ,Asia
Serbia,689557,+1613,6362 ,+25,635871,47324,169,79186,731,3839381,440902,8708015 ,Europe
Switzerland,659974,+1831,10632 ,+7,590565,58777,238,75796,1221,6911371,793751,8707229 ,Europe
Austria,618870,+2131,10205 ,+26,584777,23888,501,68390,1128,31892904,3524415,9049134 ,Europe
Japan,586938,+5897,10194 ,+87,519047,57697,978,4653,81,11831534,93787,126153600 ,Asia
Lebanon,526578,+1001,7278 ,+29,461122,58178,586,77439,1070,3997716,587904,6799947 ,Asia
UAE,520236,+1974,1587 ,+3,500779,17870,,52078,159,44108915,4415501,9989561 ,Asia
Morocco,511249,+363,9023 ,+3,497621,4605,210,13716,242,6261875,167997,37273622 ,Africa
Saudi Arabia,417363,+1056,6957 ,+11,400580,9826,1335,11836,197,16903813,479361,35263191 ,Asia
Malaysia,408713,+3788,1506 ,+14,377980,29227,328,12495,46,9404236,287503,32710014 ,Asia
Bulgaria,404380,+652,16399 ,+31,339534,48447,674,58565,2375,2518362,364728,6904772 ,Europe
Slovakia,382211,+467,11684 ,+37,362939,7588,326,69978,2139,2620819,479841,5461845 ,Europe
Ecuador,381862,+1173,18631 ,+79,318598,44633,624,21375,1043,1285512,71957,17865111 ,South America
Panama,364576,+358,6232 ,+5,354385,3959,105,83407,1426,2394760,547868,4371053 ,North America
Belarus,358738,+1505,2542 ,+10,349013,7183,,37975,269,5850328,619296,9446733 ,Europe
Greece,345033,+2125,10381 ,+66,303202,31450,802,33238,1000,8136160,783787,10380577 ,Europe
Croatia,332183,+2007,7081 ,+41,310595,14507,253,81335,1734,1804187,441755,4084137 ,Europe
Nepal,323187,+5657,3279 ,+33,281095,38813,,10929,111,2473956,83662,29570715 ,Asia
Kazakhstan,319818,+2853,3668 ,+30,273915,42235,221,16865,193,10128374,534110,18963084 ,Asia
Azerbaijan,319109,+1196,4517 ,+27,289460,25132,,31239,442,3241186,317294,10215094 ,Asia
Georgia,310310,+1476,4110 ,+15,290767,15433,,77913,1032,4184317,1050601,3982784 ,Asia
Tunisia,309119,+1904,10722 ,+81,259957,38440,536,25930,899,1312917,110132,11921296 ,Africa
Bolivia,303732,+1901,12951 ,+31,250380,40401,71,25729,1097,1158410,98128,11805074 ,South America
Palestine,296462,+861,3249 ,+18,272333,20880,147,57018,625,1741234,334891,5199404 ,Asia
Paraguay,279077,+2212,6385 ,+83,229519,43173,516,38733,886,1096913,152238,7205234 ,South America
Kuwait,273991,+1429,1563 ,+9,257261,15167,219,63381,362,2326703,538224,4322927 ,Asia
Dominican Republic,266561,+347,3480 ,+9,226392,36689,198,24370,318,1404570,128409,10938244 ,North America
Ethiopia,257442,+1024,3688 ,+30,198862,54892,962,2194,31,2580700,21998,117315204 ,Africa
Denmark,251428,+874,2485 ,+2,239208,9735,35,43281,428,37908060,6525547,5809177 ,Europe
Costa Rica,250991,+2609,3231 ,+14,203009,44751,380,48900,629,974477,189854,5132758 ,North America
Moldova,250837,+329,5812 ,+17,239914,5111,206,62302,1444,989787,245840,4026147 ,Europe
Ireland,248870,+544,4903 ,+4,230955,13012,44,49938,984,4494860,901936,4983570 ,Europe
Lithuania,247320,+1357,3927 ,+10,222436,20957,225,91923,1460,2797345,1039705,2690519 ,Europe
Slovenia,240292,+949,4250 ,+7,226647,9395,156,115571,2044,1174592,564931,2079176 ,Europe
Guatemala,227671,+1424,7524 ,+24,202843,17304,5,12516,414,1260190,69280,18189912 ,North America
Egypt,227552,+1021,13339 ,+61,170773,43440,90,2189,128,2715258,26125,103931972 ,Africa
Armenia,216064,+536,4108 ,+21,198135,13821,,72801,1384,983656,331437,2967855 ,Asia
Honduras,211076,+1586,5261 ,+38,78517,127298,566,21034,524,621659,61948,10035141 ,North America
Qatar,205652,+676,458 ,+8,189544,15650,374,73243,163,1903912,678078,2807805 ,Asia
Bosnia and Herzegovina,198461,+595,8551 ,+39,159223,30687,,60807,2620,907054,277915,3263787 ,Europe
Uruguay,198428,+2694,2616 ,+53,167823,27989,548,56958,751,1802140,517299,3483749 ,South America
Venezuela,197683,+1297,2136 ,+19,179200,16347,317,6968,75,3359014,118405,28368759 ,South America
Oman,193253,,2010 ,,173123,18120,275,37065,386,1550000,297285,5213849 ,Asia
Libya,177508,+436,3029 ,+6,163191,11288,,25545,436,958768,137976,6948783 ,Africa
Bahrain,176934,+1182,646 ,+7,165928,10360,87,101092,369,4079066,2330595,1750225 ,Asia
Nigeria,165110,+55,2063 ,,155101,7946,11,785,10,1912628,9092,210358766 ,Africa
Kenya,159318,+497,2724 ,+17,108565,48029,191,2910,50,1669552,30494,54750456 ,Africa
North Macedonia,152367,+365,4855 ,+37,132765,14747,124,73137,2330,721446,346299,2083303 ,Europe
Myanmar,142817,+17,3209 ,,131966,7642,,2610,59,2576307,47088,54713038 ,Asia
Albania,131085,+108,2394 ,+5,109338,19353,18,45592,833,633689,220400,2875178 ,Europe
Algeria,122108,+242,3253 ,+9,85108,33747,28,2744,73,230861,5187,44506651 ,Africa
Estonia,122042,+385,1161 ,+3,111274,9607,57,91949,875,1283679,967152,1327278 ,Europe
S. Korea,122007,+656,1828 ,+3,111422,8757,164,2378,36,8848292,172461,51305935 ,Asia
Latvia,118558,+763,2131 ,+6,107701,8726,84,63442,1140,2292447,1226714,1868770 ,Europe
Norway,112970,+429,756 ,+2,88952,23262,40,20704,139,5212177,955229,5456469 ,Europe
Sri Lanka,108146,+1662,678 ,+17,95975,11493,,5033,32,2538334,118128,21487952 ,Asia
Cuba,106707,+1046,644 ,+12,100603,5460,73,9426,57,3631470,320777,11320855 ,North America
Montenegro,97389,+132,1495 ,+3,93531,2363,69,155045,2380,375779,598248,628132 ,Europe
Kyrgyzstan,95275,+331,1604 ,+6,89191,4480,25,14406,243,988713,149502,6613368 ,Asia
Ghana,92562,,779 ,,90196,1587,8,2928,25,1075602,34028,31609384 ,Africa
Zambia,91586,+53,1251 ,+1,89933,402,45,4869,67,1400235,74447,18808586 ,Africa
Uzbekistan,90808,+402,649 ,+2,87067,3092,23,2681,19,1377915,40681,33871350 ,Asia
China,90655,+13,4636 ,,85691,328,3,63,3,160000000,111163,1439323776 ,Asia
Finland,86808,+195,914 ,+1,46000,39894,31,15647,165,4471351,805956,5547888 ,Europe
Cameroon,72250,,1107 ,,64572,6571,385,2667,41,1257949,46433,27091519 ,Africa
Mozambique,69917,+53,814 ,,65913,3190,43,2186,25,518615,16218,31977645 ,Africa
El Salvador,69198,,2124 ,+4,64876,2198,31,10624,326,914674,140429,6513428 ,North America
Luxembourg,67205,+160,796 ,+2,63661,2748,30,105932,1255,2661422,4195074,634416 ,Europe
Cyprus,65233,,308 ,,39061,25864,75,53705,254,4851170,3993837,1214664 ,Asia
Thailand,65153,+1583,203 ,+15,36254,28696,871,931,3,8124896,116160,69945784 ,Asia
Singapore,61145,+24,30 ,,60751,364,,10384,5,9536636,1619514,5888578 ,Asia
Afghanistan,59942,+197,2631 ,+6,53206,4105,1124,1512,66,403764,10182,39652974 ,Asia
Namibia,48351,+174,642 ,+4,46021,1688,42,18748,249,386573,149892,2579003 ,Africa
Botswana,46934,,712 ,,44960,1262,1,19630,298,999041,417850,2390908 ,Africa
Ivory Coast,46036,+38,286 ,,45526,224,,1710,11,594288,22078,26917693 ,Africa
Jamaica,45578,+164,778 ,+8,21059,23741,26,15336,262,331131,111420,2971920 ,North America
Uganda,41866,+69,342 ,,41422,102,24,892,7,1015177,21631,46930713 ,Africa
Senegal,40344,+49,1107 ,,39083,154,12,2358,65,479478,28026,17108079 ,Africa
Zimbabwe,38257,+22,1567 ,,35612,1078,12,2543,104,415737,27638,15042299 ,Africa
Madagascar,37014,+318,643 ,+6,31570,4801,391,1309,23,182972,6470,28278674 ,Africa
Mongolia,35979,+1356,110 ,+8,19642,16227,109,10830,33,2697262,811931,3322033 ,Asia
Malawi,34078,+16,1148 ,,32051,879,12,1744,59,232358,11893,19537996 ,Africa
Sudan,33104,,2349 ,,26795,3960,,741,53,232965,5212,44695198 ,Africa
Malta,30292,+16,413 ,,29548,331,,68453,933,867282,1959862,442522 ,Europe
DRC,29853,+41,766 ,+3,26219,2868,,325,8,148822,1621,91804946 ,Africa
Maldives,29835,+465,73 ,,24775,4987,90,54401,133,725273,1322458,548428 ,Asia
Australia,29801,+22,910 ,,28599,292,1,1158,35,16839329,654070,25745436 ,Australia/Oceania
Angola,26652,+221,596 ,+2,23876,2180,24,791,18,465555,13811,33708433 ,Africa
Rwanda,25116,+121,335 ,+2,23234,1547,3,1900,25,1313490,99376,13217357 ,Africa
Cabo Verde,23882,+328,217 ,+4,20565,3100,23,42570,387,149692,266831,561000 ,Africa
Gabon,23075,+257,139 ,+1,19629,3307,19,10169,61,731109,322199,2269124 ,Africa
Syria,22733,+102,1592 ,+9,16821,4320,,1273,89,103566,5801,17851800 ,Asia
Guinea,22215,,144 ,,19670,2401,24,1655,11,431897,32167,13426693 ,Africa
Réunion,20381,,148 ,,18659,1574,36,22630,164,101244,112416,900623 ,Africa
Mayotte,20094,+39,170 ,,2964,16960,3,72215,611,171277,615546,278252 ,Africa
French Guiana,19543,+139,101 ,+1,9995,9447,20,64060,331,216365,709226,305072 ,South America
French Polynesia,18758,+3,141 ,,18597,20,3,66457,500,26355,93372,282258 ,Australia/Oceania
Eswatini,18458,,671 ,,17743,44,3,15774,573,186323,159232,1170138 ,Africa
Mauritania,18402,+25,455 ,,17687,260,14,3874,96,233956,49248,4750525 ,Africa
Guadeloupe,14555,,198 ,,2242,12115,18,36371,495,180000,449796,400181 ,North America
Somalia,13915,,713 ,,5847,7355,,856,44,111801,6876,16258940 ,Africa
Mali,13858,+43,484 ,+3,8560,4814,,668,23,254662,12284,20731747 ,Africa
Cambodia,13402,+761,93 ,+2,5152,8157,,793,5,906182,53586,16910843 ,Asia
Burkina Faso,13310,+1,157 ,,13043,110,,623,7,179512,8398,21376120 ,Africa
Tajikistan,13308,,90 ,,13218,0,,1370,9,,,9714711 ,Asia
Guyana,13283,+177,296 ,+1,11208,1779,15,16820,375,122494,155113,789709 ,South America
Andorra,13232,+34,125 ,,12684,423,18,171027,1616,193595,2502262,77368 ,Europe
Haiti,13094,+77,254 ,,12148,692,,1137,22,60085,5217,11517868 ,North America
Togo,12967,+36,123 ,,11140,1704,,1537,15,310570,36802,8439039 ,Africa
Belize,12668,+22,323 ,,12218,127,1,31387,800,117641,291476,403604 ,North America
Curaçao,12195,+14,109 ,+1,11612,474,22,74066,662,94604,574573,164651 ,North America
Hong Kong,11775,+4,209 ,,11416,150,3,1560,28,11193673,1483092,7547522 ,Asia
Martinique,11253,,75 ,,98,11080,33,30006,200,157145,419028,375023 ,North America
Djibouti,11100,+74,143 ,,10708,249,,11101,143,149489,149502,999911 ,Africa
Papua New Guinea,11037,+40,107 ,,8943,1987,,1215,12,93283,10265,9087299 ,Australia/Oceania
Trinidad and Tobago,10824,+326,169 ,+4,8481,2174,8,7713,120,131207,93502,1403260 ,North America
Lesotho,10731,,316 ,,6267,4148,,4976,147,79490,36863,2156361 ,Africa
Congo,10678,,144 ,,8208,2326,,1897,26,92500,16429,5630256 ,Africa
Aruba,10638,+30,99 ,+1,10368,171,14,99288,924,148270,1383851,107143 ,North America
South Sudan,10583,+16,115 ,+1,10312,156,,936,10,151582,13411,11302639 ,Africa
Bahamas,10453,+104,199 ,+1,9494,760,4,26372,502,86984,219454,396365 ,North America
Suriname,10363,+77,204 ,+3,9336,823,23,17535,345,50752,85875,590998 ,South America
Benin,7821,,99 ,,7580,142,35,631,8,590214,47654,12385279 ,Africa
Equatorial Guinea,7694,,112 ,,7279,303,7,5340,78,123169,85479,1440927 ,Africa
Nicaragua,6898,,182 ,,4225,2491,,1031,27,,,6689960 ,North America
Iceland,6472,+6,29 ,,6253,190,4,18864,85,600005,1748857,343084 ,Europe
CAR,6411,,88 ,,5112,1211,2,1309,18,40907,8350,4899311 ,Africa
Yemen,6317,+23,1226 ,+4,2751,2340,23,208,40,23855,786,30369014 ,Asia
Gambia,5898,+11,174 ,,5357,367,3,2385,70,71116,28761,2472661 ,Africa
Seychelles,5873,+314,28 ,+2,5101,744,,59411,283,21504,217535,98853 ,Africa
Niger,5228,+2,191 ,,4851,186,18,210,8,98784,3963,24926972 ,Africa
San Marino,5066,+6,90 ,,4917,59,4,149044,2648,61499,1809326,33990 ,Europe
Chad,4817,+7,170 ,,4423,224,,286,10,113775,6766,16814496 ,Africa
Saint Lucia,4552,+18,74 ,,4363,115,,24696,401,40297,218619,184325 ,North America
Gibraltar,4283,,94 ,,4185,4,1,127156,2791,233075,6919663,33683 ,Europe
Channel Islands,4055,,86 ,,3956,13,1,23146,491,454413,2593770,175194 ,Europe
Sierra Leone,4054,+1,79 ,,3076,899,,500,10,119155,14690,8111176 ,Africa
Burundi,3995,+10,6 ,,773,3216,,328,0.5,90019,7389,12182658 ,Africa
Barbados,3855,+17,44 ,,3768,43,,13401,153,153036,531988,287668 ,North America
Comoros,3834,,146 ,,3674,14,,4333,165,,,884919 ,Africa
Guinea-Bissau,3734,+1,67 ,,3315,352,9,1861,33,63663,31730,2006429 ,Africa
Eritrea,3671,,10 ,,3492,169,,1023,3,23693,6605,3587124 ,Africa
Vietnam,2928,+18,35 ,,2516,377,,30,0.4,2598753,26500,98066119 ,Asia
Liechtenstein,2926,+5,57 ,,2792,77,6,76559,1491,39109,1023287,38219 ,Europe
New Zealand,2613,,26 ,,2564,23,,522,5,2013539,402539,5002100 ,Australia/Oceania
Monaco,2454,+2,32 ,,2368,54,1,62169,811,51953,1316165,39473 ,Europe
Bermuda,2393,+11,28 ,+1,1820,545,28,38543,451,239584,3858905,62086 ,North America
Turks and Caicos,2388,+2,17 ,,2343,28,1,60995,434,54460,1391024,39151 ,North America
Sao Tome and Principe,2302,+1,35 ,,2241,26,,10345,157,12999,58415,222528 ,Africa
Timor-Leste,2276,+86,3 ,,1114,1159,,1699,2,66785,49868,1339228 ,Asia
Sint Maarten,2230,,27 ,,2187,16,1,51525,624,26359,609034,43280 ,North America
Liberia,2099,,85 ,,1949,65,2,407,16,95315,18487,5155897 ,Africa
St. Vincent Grenadines,1864,+9,11 ,,1715,138,2,16758,99,45158,405977,111233 ,North America
Saint Martin,1745,,12 ,,1399,334,7,44502,306,27588,703560,39212 ,North America
Isle of Man,1587,,29 ,,1548,10,1,18582,340,44761,524091,85407 ,Europe
Caribbean Netherlands,1558,+1,16 ,,1465,77,,58959,605,10025,379376,26425 ,North America
Antigua and Barbuda,1232,,32 ,,1014,186,1,12495,325,16700,169366,98603 ,North America
Mauritius,1209,+1,17 ,,1084,108,,949,13,358675,281640,1273525 ,Africa
Taiwan,1129,+8,12 ,,1053,64,,47,0.5,539626,22623,23852669 ,Asia
Bhutan,1074,+8,1 ,,961,112,,1379,1,701154,900461,778661 ,Asia
St. Barth,974,,1 ,,462,511,,98364,101,26385,2664613,9902 ,North America
Laos,757,+85, ,,51,706,,103,,171231,23255,7363088 ,Asia
Diamond Princess,712,,13 ,,699,0,,,,,, ,
Faeroe Islands,664,+1,1 ,,662,1,,13546,20,252457,5150397,49017 ,Europe
Cayman Islands,543,+1,2 ,,526,15,,8182,30,90031,1356665,66362 ,North America
Tanzania,509,,21 ,,183,305,7,8,0.3,,,61137218 ,Africa
Wallis and Futuna,444,,7 ,,44,393,1,40094,632,15256,1377641,11074 ,Australia/Oceania
Brunei ,224,,3 ,,215,6,,508,7,120301,272817,440958 ,Asia
British Virgin Islands,194,,1 ,,191,2,,6382,33,38203,1256760,30398 ,North America
Dominica,174,, ,,172,2,,2412,,14936,207056,72135 ,North America
Grenada,160,,1 ,,158,1,,1416,9,26331,233106,112957 ,North America
New Caledonia,124,, ,,58,66,,431,,30081,104529,287777 ,Australia/Oceania
Fiji,117,+1,2 ,,65,50,,130,2,51014,56566,901844 ,Australia/Oceania
Anguilla,93,+2, ,,29,64,,6153,,20821,1377597,15114 ,North America
Falkland Islands,63,, ,,62,1,,17677,,7202,2020763,3564 ,South America
Macao,49,, ,,49,0,,75,,4483,6827,656676 ,Asia
Saint Kitts and Nevis,44,, ,,44,0,,822,,12381,231369,53512 ,North America
Greenland,31,, ,,31,0,,545,,20669,363558,56852 ,North America
Vatican City,27,, ,,15,12,,33624,,,,803 ,Europe
Saint Pierre Miquelon,25,, ,,25,0,,4333,,5318,921664,5770 ,North America
Montserrat,20,,1 ,,19,0,,4004,200,1313,262863,4995 ,North America
Solomon Islands,20,, ,,20,0,,29,,4500,6421,700795 ,Australia/Oceania
Western Sahara,10,,1 ,,8,1,,16,2,,,609468 ,Africa
MS Zaandam,9,,2 ,,7,0,,,,,, ,
Vanuatu,4,,1 ,,3,0,,13,3,470,1501,313075 ,Australia/Oceania
Marshall Islands,4,, ,,4,0,,67,,,,59522 ,Australia/Oceania
Samoa,3,, ,,2,1,,15,,,,199510 ,Australia/Oceania
Saint Helena,2,, ,,2,0,,328,,,,6092 ,Africa
Micronesia,1,, ,,1,0,,9,,,,116024 ,Australia/Oceania
